1307
749
573
1158
1430
772
1044
1378
1423
1209
940
665
992
542
1487
1003
827
1229
1340
1112
803
669
1209
657
1060
1433
599
778
1316
835
597
1326
1012
767
1310
1133
1479
649
1079
1321
1467
1172
893
836
985
1245
728
591
694
857
501
653
1208
1444
1168
990
624
696
1030
1403
1222
1166
1049
524
1301
1353
1477
908
728
1433
798
1481
1135
513
1365
1314
563
1036
925
1169
615
594
1129
1001
1017
695
605
904
951
798
688
623
1005
1382
1252
1066
1216
837
938
644
1001
1397
1371
1328
637
858
677
897
794
1404
1109
731
1245
675
1135
798
642
899
1468
912
760
1057
1094
508
895
1468
613
1030
506
1462
1442
865
582
1352
1267
1321
1195
1212
1171
1401
1090
1331
1238
557
1116
1290
1140
1179
835
506
1472
598
595
819
954
723
789
1260
1405
626
623
1006
1313
1270
738
594
720
1344
866
1034
726
894
863
1238
1344
1090
1050
659
1123
1447
885
717
772
1039
747
885
996
1385
1123
920
644
1468
1235
1415
1125
1034
542
511
1179
652
744
795
1318
896
1192
1315
1491
533
1169
897
1053
1047
1325
710
1162
711
1308
877
1261
1125
835
1368
1495
1276
1267
939
1374
831
1056
801
1372
1060
594
1484
1255
1289
907
515
693
1269
1180
955
1355
1006
1463
1002
1176
608
749
831
1344
1138
1308
1497
1151
1349
703
1231
1031
514
919
1275
509
680
1429
723
554
760
1237
1045
817
1025
700
756
1064
1097
1148
1204
1050
650
1476
912
1054
1297
1004
881
1248
565
878
1199
709
629
1053
983
947
1107
1273
822
805
676
553
724
1130
866
900
944
870
785
516
1398
655
633
1057
1076
678
766
857
1211
1378
1114
1319
1237
633
1091
1220
1262
1133
697
531
1088
1089
1373
1377
804
858
700
754
1460
1415
1447
980
1230
1455
1046
607
738
500
1426
535
1357
613
614
1093
860
854
918
857
1085
1229
515
1063
602
1417
1143
919
1467
1247
769
895
803
973
603
1248
885
1158
959
906
1430
1324
632
1473
1103
1397
1420
1450
731
980
703
1400
1020
1033
758
503
1176
1450
1434
1280
1379
1332
1074
1049
1042
749
1271
810
1379
1483
1470
540
1223
1150
1471
729
818
1246
799
730
1121
1276
624
744
1458
1196
1271
564
1060
1098
1251
1440
1003
1051
1301
705
580
918
774
1149
913
820
525
512
1283
1288
617
508
1050
824
695
757
1011
1190
1166
910
1093
1053
1065
1460
1242
903
852
807
641
1410
700
1299
627
671
1287
914
1125
1141
1017
848
1342
815
1474
945
873
720
1411
739
554
805
1429
753
689
666
856
804
1360
1398
1092
1220
616
1080
1367
852
1439
1198
1401
1311
1116
1391
1171
1228
1171
1161
545
620
740
658
953
1127
850
1211
1063
1094
1033
1227
1327
1295
1031
942
1016
506
1015
1424
1101
597
1161
603
824
608
1436
781
515
1210
716
1405
1473
1281
1220
1291
669
1365
1327
1036
1228
625
884
667
1449
976
546
1076
1166
967
1020
884
1491
710
758
711
1244
1018
1218
1434
1325
1267
1189
1318
514
1325
1418
528
529
534
1227
740
1254
1040
896
1435
583
548
1365
511
752
564
1376
737
1175
745
1210
915
692
1210
1247
537
799
947
1215
1193
1079
629
664
1479
1001
1025
789
1458
533
1300
589
1170
717
1346
538
1043
838
1436
821
1219
996
747
1288
859
1487
535
735
1412
1184
1489
1284
1234
1167
1019
1115
545
1476
1161
1325
1319
1131
1403
1198
1298
1139
504
1003
1179
1265
891
607
1424
865
621
954
606
950
1203
1332
532
641
1154
1477
717
1400
789
965
1247
1122
1379
817
1016
548
1262
529
539
1208
1403
1157
1261
1252
966
1121
1057
1496
1455
1430
994
1055
721
812
793
927
732
944
1291
698
652
1356
1070
803
939
1414
1299
1266
1335
1421
543
1252
586
1219
650
910
1123
1169
1105
1443
811
931
1492
1316
1199
1471
1139
870
1336
1391
1357
1333
828
677
910
1183
676
989
591
934
1211
1404
526
1391
1290
1022
864
1390
1384
1313
941
627
679
1284
1037
1370
1061
1081
665
1302
1232
832
1354
1259
1347
877
962
510
1319
650
877
1441
1336
1220
799
612
1259
1456
890
652
548
514
544
1418
650
601
795
1321
1231
1001
745
1461
557
1010
1428
1305
673
637
1169
596
1003
921
1175
1018
800
989
762
554
763
1143
1389
750
1235
915
864
994
1463
1258
1152
592
816
1214
920
560
950
868
1241
1347
696
1287
1001
734
628
1071
948
1375
753
1371
829
793
1219
971
1320
1264
579
1130
910
580
613
842
638
882
544
1328
893
1075
1480
500
1096
1447
870
587
1043
1233
1352
761
1324
900
880
1278
1357
923
998
514
1345
1162
1009
1110
1349
718
790
555
1243
1055
885
1034
775
821
651
726
751
959
1283
1214
937
1379
1198
600
637
785
1378
784
842
1415
1460
567
640
1207
1066
1228
1062
863
1469
1390
1123
778
813
1261
510
1340
1478
500
894
1007
1156
1051
1286
931
1044
1239
1276
1084
752
608
1014
954
519
528
1171
870
1163
1447
524
1043
1354
508
1481
1052
788
663
859
519
879
856
961
987
853
1399
1288
744
1380
966
783
774
736
1409
1067
1334
1439
1184
1151
1049
766
967
610
1089
827
1273
1081
795
1436
1374
935
731
1472
528
1298
570
1087
797
589
1146
590
611
1112
963
612
1281
1451
730
821
713
628
1450
1100
1459
1254
1492
694
830
1132
1059
1277
1279
1132
772
883
581
653
1122
1021
1456
1318
1091
1400
696
620
1204
1099
629
644
675
1370
916
1099
580
1118
788
952
628
1300
1162
1340
649
885
1083
1015
1159
1378
1459
1061
882
548
554
940
881
1270
528
751
1044
1369
1095
969
1210
672
1423
625
719
1350
931
743
1346
1369
1170
894
1110
892
564
1024
861
1019
1120
1062
1161
1225
934
1449
590
822
760
593
1428
622
881
866
968
523
1222
1139
1017
1293
864
678
1456
1271
841
855
1336
989
1228
620
1402
812
1116
847
1446
1351
1172
1311
1023
1236
1105
1107
1133
1366
1053
912
1425
540
653
757
1233
795
639
751
758
1194
660
638
1429
1375
1098
792
1133
1062
776
736
1146
1373
964
984
692
619
1342
828
1359
762
645
1216
627
672
1248
500
870
898
792
1045
1428
800
643
692
1063
1283
772
1301
509
721
986
1013
1269
1031
857
1319
986
1356
1316
754
1254
1314
1115
1037
1466
797
1377
1260
912
691
731
674
963
1377
824
1284
1333
1250
1027
1499
929
1109
644
864
951
1312
1479
634
907
1083
1100
759
810
1253
1391
821
725
753
1429
596
1053
1161
1358
991
1463
1420
1268
1187
1026
972
719
1141
704
1451
592
945
870
974
1462
676
817
1326
913
844
1071
1479
535
629
788
1348
1478
1117
1223
1338
1008
1429
1426
1468
1306
699
755
1329
776
988
1396
1319
1364
637
916
818
991
1183
898
620
1248
1461
1151
518
1477
1446
1161
978
728
563
735
1006
808
1468
1179
619
823
1177
892
1453
1478
1353
795
771
975
704
1462
532
1319
1031
535
968
968
1110
734
770
1278
765
545
779
575
827
1187
863
537
1266
1034
583
1175
684
1055
656
899
1164
593
1386
1133
1424
547
694
830
1267
1165
1410
1182
1305
814
1152
741
1085
1091
1306
1260
1460
1412
903
930
585
700
1085
967
984
1488
700
1186
600
995
699
602
928
683
1417
636
1302
989
1078
1225
1289
1222
1095
1105
819
1191
1221
1274
1014
1362
1206
783
1126
919
1301
830
1144
875
758
962
631
1236
1220
808
524
1447
1008
911
897
500
814
1396
1499
1145
1033
1462
1039
1254
1321
786
1036
510
1162
673
993
1135
1488
1071
1338
1321
1391
913
1060
1457
592
1243
1275
1268
913
915
1136
1391
847
869
1332
634
1428
643
1379
1406
554
1307
1037
703
921
947
534
1449
916
1259
1438
1050
683
686
596
1185
1024
1422
863
681
512
751
702
995
1036
954
708
1480
531
1330
595
1214
612
636
1437
509
1185
1419
881
1110
1408
1109
939
1367
619
766
1499
1020
1015
1077
1422
642
1480
1381
1385
530
825
936
1494
1445
1102
733
980
956
1334
1017
1381
1281
958
1305
1492
660
1151
701
1042
1444
1135
1055
1372
943
822
513
941
1281
1279
1018
660
1229
1455
582
864
532
813
695
828
1004
1355
1211
1381
1110
1404
1051
1116
1261
1364
905
622
613
1443
1136
618
1494
688
1243
1139
1002
843
570
719
712
817
1432
1282
597
1359
573
1090
1319
510
1411
515
1478
1042
545
770
1062
508
1483
599
1209
713
1050
1451
1165
1002
1117
1453
799
1416
1084
1369
942
1003
1015
829
757
882
764
852
654
1026
527
1255
759
1452
886
922
629
1286
1049
1379
698
1390
1103
1186
943
1327
1085
698
1087
1317
531
976
961
1063
714
883
1332
1222
1011
1291
1371
642
1233
1053
530
880
1204
1415
1387
610
1181
1058
1286
933
540
1159
1436
1062
1438
1254
1026
1026
1212
1095
1121
677
841
658
554
520
697
1227
951
962
832
1437
1304
557
905
1407
1443
758
1039
843
1197
781
1465
957
1105
617
912
1124
684
959
799
716
1240
1351
1346
1422
1393
1115
549
861
1149
731
1296
623
1196
944
750
738
931
859
1435
765
1301
887
937
1448
620
924
1394
1275
1403
1489
786
1345
643
757
832
761
1078
604
702
531
720
1186
1130
1143
867
1148
1344
817
1249
625
773
1363
916
1180
848
1479
1457
1314
1205
689
807
1405
1027
1114
1215
808
1397
949
995
529
526
1366
898
1485
1162
1018
1353
1079
703
883
1223
1059
721
674
534
1175
1202
936
779
1415
1250
513
1350
992
1448
583
1481
1347
708
1206
678
806
767
614
1410
970
858
1117
1446
804
1156
1163
1137
1398
1234
1156
1008
512
613
780
1224
604
1113
573
1462
1479
877
769
647
1131
1253
1133
1239
1020
694
1097
924
1371
1458
820
1448
518
901
1017
892
1113
1080
856
1440
1094
1368
1170
963
1149
634
925
1371
1391
1150
717
510
1154
1025
1401
994
892
534
1470
1046
687
621
1065
1089
1471
1365
660
610
1275
609
1194
823
1034
974
914
994
923
1375
577
857
1127
722
1074
672
1339
539
683
917
1030
1390
1106
1396
512
1395
1438
1016
821
1184
727
1078
960
1472
987
1135
1081
1026
694
530
795
758
919
712
943
812
1206
1128
1093
1426
726
1226
1233
1481
796
892
561
509
877
624
1022
740
552
1315
680
792
651
552
1473
1177
917
1126
965
761
1239
1349
507
1219
930
876
1325
1081
827
1159
997
693
725
1329
1322
848
1053
1379
968
727
924
931
777
906
1000
772
1101
1430
1198
577
1049
794
627
1152
559
1077
1170
651
724
584
520
515
719
677
1195
1395
1164
1100
618
617
1223
1117
1254
1068
1087
1075
1413
622
657
1216
1082
642
1462
508
940
805
670
906
701
1219
1120
1462
817
635
1252
1394
735
1110
1331
863
1351
1347
951
610
1049
947
734
1248
723
588
1271
1432
1459
756
845
1202
1223
1389
1319
994
1386
607
892
1000
1446
901
865
1244
1256
974
1417
1275
1195
1366
1364
991
1291
1440
1256
559
1397
597
809
1063
522
585
1399
1019
1220
892
648
553
1276
1376
1333
1297
693
1403
508
874
1266
803
1130
1081
686
1225
1169
925
658
685
899
921
614
760
556
1372
553
1353
1275
1081
1055
662
548
1245
952
970
1131
900
763
1047
1419
870
701
1459
1082
1079
1496
529
1001
1156
1430
1081
920
862
651
545
670
954
657
593
515
1308
1361
1466
673
1378
586
530
552
526
879
1210
932
1451
1272
801
687
1379
1108
1037
536
702
978
623
588
1074
1009
1096
623
1262
623
1346
1379
655
1174
1222
931
1157
1471
1079
694
1027
1156
536
716
847
1313
1084
757
1360
1057
1100
736
1013
1033
975
1410
662
766
1306
608
1007
673
1037
1396
555
724
966
908
1333
1061
1057
1071
1076
614
1414
789
1235
1359
1138
1194
960
1427
843
1342
955
621
1211
1080
1112
1309
1190
983
1045
938
934
1438
1264
981
1340
1050
618
675
1098
774
1187
1342
1088
1320
1282
1305
1234
720
546
1403
1120
1350
1475
862
842
570
938
642
615
1235
677
1234
767
1374
1080
890
1196
506
1381
543
772
855
1138
1475
1120
875
1486
697
805
1037
1095
1283
995
676
1383
582
1327
651
1099
805
1451
877
506
1290
1095
896
1161
731
1225
1106
879
970
524
857
622
553
973
780
1003
583
1434
1082
1357
1063
541
1137
1329
1187
1286
1451
594
1122
1130
1130
654
1006
719
1217
983
639
1413
1192
1139
644
568
583
929
1365
1305
887
1440
787
697
1179
1068
863
1400
1499
947
1001
988
705
820
744
1072
576
930
819
1469
1488
1129
652
632
1058
1107
1181
1062
716
909
745
1048
1185
1208
1313
1367
605
1114
1154
835
970
663
1479
1458
539
559
1445
1023
1248
1244
677
1237
991
542
998
1277
504
882
1056
675
633
710
792
1170
770
1453
853
828
628
1373
582
1271
800
905
955
1121
884
1434
1347
828
988
1285
808
658
1274
1423
761
1372
1424
835
889
1356
844
1498
1247
1395
1467
883
1076
1443
1336
1037
646
862
1257
1442
1096
1403
881
781
794
1288
1304
1155
1187
1483
717
1065
793
756
1438
1351
987
690
1180
1332
1026
929
1207
914
1117
1425
1138
1026
1045
857
625
807
1379
1051
1141
1459
1481
965
825
994
1393
564
1063
929
1001
1372
1440
553
829
732
780
859
974
540
1276
1089
1204
518
1468
986
766
1162
874
1198
1321
527
915
727
1341
909
658
1435
1265
1261
1261
1332
772
719
694
1303
754
631
1016
804
1183
974
613
911
1044
1208
1259
1305
1172
1292
672
715
729
1013
643
980
1009
805
684
549
1011
709
883
1348
1285
807
1260
1080
1489
563
1233
1066
1085
700
1085
942
674
891
1163
1393
803
698
863
1261
1491
677
589
1297
1329
1212
1069
1360
1031
965
1211
1013
596
550
1304
623
1388
1222
1320
1316
865
877
872
1112
880
576
1400
541
1118
975
1419
1443
1263
1281
558
1082
967
652
1051
961
1395
1117
929
1127
1491
786
960
956
1492
501
739
911
884
1470
1013
1170
808
1485
620
857
745
797
1379
699
1202
1283
667
919
1469
637
1329
1299
1118
718
1305
1315
1337
815
629
524
1415
1466
972
996
660
1278
779
871
824
945
1280
1077
1058
1454
615
1108
1121
1108
1445
1352
595
711
510
660
782
1410
782
610
801
1360
1135
520
1184
506
1105
1208
1277
1124
549
1493
1044
916
1124
581
561
1485
1138
703
1007
522
513
795
1351
683
1198
1357
1300
856
589
1301
999
510
1174
795
1028
1191
1147
1081
793
1020
668
915
976
1024
553
1264
987
1295
1019
1193
1306
1005
731
878
849
730
709
887
1132
1474
1484
770
1053
1411
888
664
1438
1188
1107
1162
658
1316
675
1477
992
877
529
790
1360
1251
527
1021
939
1240
864
1277
636
505
511
1184
1155
1475
659
1039
1149
1399
672
1474
1490
966
1242
722
521
960
1334
947
793
917
601
865
748
1274
832
888
1265
758
502
810
1219
810
937
1492
1236
1348
508
1250
1433
819
537
1132
1194
1093
510
1311
1405
958
707
1053
1074
1164
1407
1302
1314
1369
939
1014
587
1095
948
567
813
1367
1060
753
1170
1383
1456
868
726
900
822
937
699
1071
1396
917
841
658
935
1388
971
1373
607
1420
792
693
1052
689
513
1328
1103
698
917
1050
1488
1046
543
865
1188
1311
1266
943
1138
504
667
1257
622
546
831
1203
620
527
964
1451
705
1229
1342
916
688
650
1185
802
1173
545
897
615
752
888
886
1028
1217
1122
1223
826
696
1161
579
1384
1342
1390
1097
1128
811
843
1044
952
1425
738
572
887
957
1015
827
1261
1282
1477
644
728
1313
1035
1401
739
1223
823
1464
1491
958
1459
843
1248
1027
952
633
508
1041
621
1399
969
1230
881
1076
713
1007
654
898
969
915
1180
1147
1327
975
1288
686
1364
747
1206
538
1127
1202
831
579
1257
646
1227
940
1238
941
1342
1002
965
869
511
1408
1002
1343
873
580
1336
502
1064
1470
901
1087
540
608
1455
705
1287
914
901
1165
1499
659
957
890
543
1382
982
1403
739
684
761
1104
932
527
1284
1024
1356
914
1207
1448
1108
1404
1487
1335
1232
636
1257
1025
1064
1454
828
733
1123
730
744
870
632
804
785
1179
664
1155
626
1179
910
1220
1090
1001
724
849
1467
1302
1210
1004
1263
660
1464
1428
1427
601
1100
882
1044
1485
569
1323
1355
1268
1178
1427
1369
774
921
737
1057
820
1289
1312
742
1183
1302
1041
652
567
1487
788
607
533
1332
781
1003
732
927
1250
1485
1470
519
523
1365
1074
717
1318
1293
700
1034
1291
857
619
1045
1293
1112
579
1469
1018
1330
998
1049
1157
690
1268
1308
926
1372
1152
617
1493
1111
941
1231
1207
768
1263
1301
1422
1237
758
1478
546
694
663
1083
1410
584
1273
1287
732
1269
807
1262
984
648
635
1130
1198
1094
1126
550
634
1315
568
1091
1099
871
1069
1101
896
910
1373
1092
511
628
1400
1012
879
1039
569
1351
914
1364
1384
1111
1144
1491
627
941
899
897
995
506
791
1411
1038
1382
953
818
623
503
1480
1308
1373
1437
680
1399
793
749
643
1318
1446
575
1275
781
1276
830
835
628
948
697
662
1161
747
837
1314
695
1130
1307
1356
825
843
1166
515
1350
642
575
1023
1365
512
529
880
1473
657
1056
723
853
506
1452
876
862
1438
711
766
794
809
1182
896
509
796
1144
1235
1265
1158
503
1403
904
1346
1455
1450
675
1127
1463
652
1211
1284
1487
616
777
751
790
1183
720
1499
1290
742
811
1336
762
1160
769
1214
778
566
1457
1399
1350
519
798
1143
1468
676
1001
546
988
1220
981
749
1211
847
1344
976
1296
578
756
736
1162
1139
1139
979
987
766
600
1106
591
856
1398
846
1370
1133
501
1090
884
558
627
1094
1486
597
589
735
1227
1468
1000
964
1040
1288
710
1383
723
1331
1123
656
1214
1312
669
1252
662
1381
1435
735
1171
924
570
1366
1093
628
1126
833
699
803
626
1188
741
989
919
1181
915
1423
1298
952
768
1461
1389
1001
683
1493
920
1113
542
526
750
1456
932
806
1392
1464
1402
1406
590
1219
802
634
775
1492
932
1094
1269
543
1447
927
1295
1464
1293
666
594
984
1058
821
1166
1370
1242
1092
654
629
1045
1047
772
1280
1296
1197
746
1040
606
900
1143
1281
914
1275
717
802
1392
511
1368
775
637
1298
932
1237
1266
1086
1192
1004
1460
959
1115
895
885
781
563
768
1064
578
925
1004
615
1026
1086
1240
1223
1408
1050
559
920
597
579
518
817
657
530
1221
551
571
1028
522
1099
1452
756
1249
576
1204
1148
1187
1133
514
1157
559
710
776
1300
516
670
572
1055
942
1286
1414
1086
629
783
1087
1087
1231
1159
1085
699
1219
1071
769
1203
1153
1096
941
798
648
737
726
521
1428
1494
1063
827
1247
698
1431
690
1390
830
1223
1117
629
807
683
1039
874
933
646
989
631
1371
655
536
979
646
584
1376
1374
884
885
1387
1045
749
1400
1486
808
913
1412
1027
1450
1142
685
1471
849
1354
1468
760
1096
1259
1173
798
1185
1448
1119
667
604
633
929
1290
594
1466
531
911
769
1258
899
1257
1245
923
1155
1275
720
1176
1475
585
1268
1092
1067
1324
644
1286
690
613
825
738
1243
1203
812
1111
1396
1372
563
1396
1327
865
1203
719
743
1371
1100
749
1029
1238
1297
1465
1416
943
1279
1447
1148
677
648
1080
1060
638
1492
1261
1017
576
1088
1042
645
604
1279
969
1175
965
1253
1215
1040
669
527
1201
656
1010
1085
1193
1206
1093
972
1315
799
1005
946
1453
537
649
1322
620
954
1322
1346
959
696
628
1252
716
1157
1376
799
693
1403
1036
763
935
1015
619
1121
993
652
844
1015
1376
1123
1480
509
1437
1423
1385
1242
941
1257
1302
1198
743
662
885
834
1492
623
1179
583
1394
886
1052
693
777
1109
954
567
1068
1098
650
552
1354
932
1008
901
690
641
844
694
787
674
831
1437
1082
796
1381
772
682
933
756
736
1030
915
570
811
833
1046
945
1020
1097
1326
1412
514
1333
1001
677
1483
1035
1445
866
1370
769
1047
1084
1281
832
1141
781
1001
747
723
1315
1361
1161
732
526
1240
1062
1464
1259
1077
935
555
1323
1426
559
1423
1365
1439
1146
1167
1221
583
1451
1173
543
1086
1099
917
1361
1293
655
1114
794
1416
1173
707
701
880
558
1304
591
1344
881
1463
698
1092
990
1220
1454
929
1240
681
1460
1055
682
1479
1465
995
915
750
1388
1289
925
957
686
882
545
1214
1193
1142
581
812
1496
1466
866
1290
561
989
1159
1135
719
836
1492
823
1281
1102
1305
1127
1118
605
1163
592
638
1049
1433
608
1236
731
996
528
1209
1044
717
1436
936
809
1039
790
1314
504
1368
556
784
517
775
1165
1412
1110
959
688
848
1133
1332
1234
1406
1150
710
1207
1275
920
808
1221
1007
699
1457
961
707
690
1210
1100
636
1078
738
1393
615
1415
1072
1147
843
1251
839
1495
1126
1114
1185
919
580
598
1356
709
989
1145
665
576
651
941
1473
1315
1244
1246
503
783
1040
633
753
1386
1352
1312
1168
782
887
1068
1062
1204
1096
1312
1464
1309
545
516
1209
761
1078
861
531
1012
511
556
1460
1499
697
842
1006
1023
1044
1407
784
1287
1080
557
878
1440
1309
762
566
621
1436
1307
1426
937
636
606
1452
830
1467
1100
536
1116
1015
946
1099
1177
812
980
1136
624
1410
1087
754
1435
523
931
673
1277
1257
1394
716
1165
971
512
976
825
1007
709
575
950
1292
1106
1063
688
529
700
1236
503
815
531
775
697
608
1196
1009
1216
1177
1175
524
1057
1019
592
1044
1157
615
1472
754
725
667
637
1248
1296
1370
1036
913
1142
541
1178
1103
1481
862
719
1308
1211
1276
682
867
923
1168
620
1451
920
1249
1162
1124
791
1365
1271
529
1369
573
883
627
1068
1488
511
730
1124
1457
1139
759
1160
679
1124
977
1186
1101
1365
532
1247
862
791
679
1491
500
1187
931
1123
1218
535
810
724
719
1057
792
764
876
1405
836
931
866
992
1226
1420
1177
904
1485
807
1005
912
1306
1071
718
1394
1281
569
733
571
881
1086
562
1300
1119
641
979
609
685
879
1082
1480
1156
519
994
986
1459
622
963
883
830
1228
950
1099
565
1097
1339
1183
1113
1053
1192
1324
653
1213
995
511
1220
1069
1343
1068
967
651
1010
815
764
891
749
1040
1387
523
544
1038
621
567
852
1252
1312
956
562
1051
684
800
1116
527
1217
720
708
610
1361
590
1363
590
1158
1004
1432
1242
673
1310
1311
757
1153
514
1372
1400
907
521
838
1260
981
534
1037
1382
1141
1010
1133
1137
1004
609
891
949
660
571
1036
1459
1449
975
1225
887
1328
1380
507
1455
1272
507
1123
1497
562
1212
514
738
1096
919
847
1363
674
1058
769
632
512
567
679
1222
866
948
754
763
1384
1147
1279
1100
637
1323
1120
1111
1455
638
1145
719
1209
1277
643
1208
792
776
1249
502
652
513
771
1374
1171
604
1201
686
891
700
922
715
564
1457
1371
913
1482
1377
1185
850
1058
1370
1354
909
1105
710
874
1291
958
566
1477
1483
1071
1215
1233
991
758
721
1044
1183
818
673
1085
940
984
527
1261
528
506
1115
673
514
1131
854
1112
1432
912
639
879
612
1257
1318
901
547
535
687
825
1493
559
1433
1353
907
907
752
593
1190
769
533
1435
1323
776
661
918
815
1149
1279
1432
1302
1088
1435
1256
1105
722
734
1346
904
675
1293
920
1348
1298
687
1146
797
667
920
1239
673
799
616
1105
1156
864
1034
1100
917
761
1156
1200
929
699
1104
1288
827
960
696
1334
982
1253
1148
1401
1404
840
936
1050
522
1484
1181
1219
872
1101
1290
943
869
1174
1279
708
1085
585
822
711
578
587
502
1075
1121
882
1416
1293
1170
660
781
1375
1412
1363
1051
728
548
1387
757
1289
590
1105
589
505
989
885
1267
1436
605
1123
859
836
1388
734
951
1232
1166
1388
1035
1015
1269
797
587
1386
890
890
669
1052
796
755
1301
700
1390
734
1094
1100
1374
1088
786
525
853
891
1368
775
920
581
999
585
1295
1119
1351
1495
639
895
1169
945
1298
1494
679
947
1243
696
1426
963
1445
826
1271
519
1485
1419
980
579
1234
626
547
858
1124
996
973
1098
1491
1053
1039
1300
1030
1206
1160
628
1438
1000
1110
1228
558
987
694
652
1480
1356
1198
1115
555
922
843
1259
949
628
600
970
565
1092
1389
966
1092
952
657
1224
990
587
705
731
1189
956
838
1390
1250
1467
696
791
1444
1316
733
1458
1362
566
819
732
902
1418
1477
1281
693
1389
1447
1471
1349
547
841
1465
1179
1114
899
1260
766
1027
1271
594
517
541
1495
1115
597
1474
1351
1474
946
717
879
766
579
501
1497
552
737
1150
1370
831
514
568
697
991
1378
1013
719
1029
1412
1303
1036
998
1189
786
609
1043
1295
999
704
575
1233
704
761
863
1361
1422
951
561
942
662
988
1185
703
1374
1018
556
796
778
1011
1037
1036
889
1260
720
677
1298
1318
1497
980
638
1235
562
1403
540
892
776
974
826
1234
864
647
1143
1392
1376
863
768
590
1116
1296
553
1360
1457
777
1058
865
1294
1038
630
1413
1427
511
1351
546
1448
1082
626
671
608
1178
773
1205
1115
1142
1222
690
1418
784
750
1444
769
1110
697
1402
853
960
842
1391
556
657
1136
1189
526
958
1157
901
740
512
1067
1048
713
923
932
875
536
1071
597
1154
641
1021
637
1072
981
1346
1436
1132
945
1191
1124
1269
1141
681
718
683
1277
893
1168
1108
890
1020
1247
1106
815
541
1439
1235
633
794
1416
935
770
1376
696
1463
640
991
991
1351
1389
1380
585
1417
1217
1123
1402
929
1208
650
867
886
732
839
1188
915
729
1292
500
1104
1312
807
1039
1277
707
885
976
914
760
622
735
1009
597
693
986
676
813
563
1342
701
877
1071
1192
1484
1395
611
1393
1179
1177
939
819
1249
1240
1375
1155
1333
834
665
682
748
1421
807
1367
1103
744
530
578
950
551
595
966
1095
1065
558
784
1114
1056
510
1448
743
1255
662
1457
1244
562
786
1457
1285
995
1357
899
677
736
730
984
1447
971
596
1306
593
953
1383
855
638
1480
1205
915
1333
534
1447
1189
694
1483
1203
600
1419
1105
614
1474
1164
895
938
1093
1320
505
1335
949
1314
1308
629
933
683
936
740
1382
1136
1306
678
904
1146
1204
1207
624
1483
1244
1419
751
806
988
519
1192
1117
1392
1252
580
620
881
1422
1496
801
793
1338
953
674
597
1369
759
1061
855
614
519
707
927
758
866
1201
873
801
1283
812
576
1488
985
769
1109
766
699
1464
1100
1395
902
1424
718
811
1156
934
1000
1073
884
894
1223
1069
1167
671
1045
676
1135
697
641
776
854
888
903
1195
537
745
758
1489
504
747
1214
983
1261
1413
1225
854
960
1276
571
1279
570
1299
1121
1092
1388
1389
1237
779
1412
1197
1127
515
1396
523
646
659
562
1468
1168
1161
1438
668
1411
1082
1231
1395
1399
823
926
697
609
867
1316
1490
1029
669
1278
1309
501
1289
1466
540
949
718
614
1275
741
863
820
1264
1376
709
1193
1334
1045
620
1180
1154
1103
1178
843
688
578
1015
1184
795
683
1107
509
1333
885
1196
837
713
887
1060
525
645
1416
774
551
1468
766
830
1153
1304
1441
1363
1439
1490
937
1270
640
851
785
771
1026
722
563
724
1306
1391
951
805
1204
1461
908
751
597
548
1264
626
1208
1124
654
1288
545
1091
818
722
619
668
782
589
648
1282
843
1474
707
726
695
1446
615
1004
1230
904
1250
1014
984
913
624
1393
1417
562
913
659
563
1395
764
1317
1230
1362
946
1113
1090
1019
1159
834
773
1398
707
1282
981
1372
658
1187
1362
884
1446
742
1353
1484
669
1487
1162
549
1016
541
1152
537
1084
687
943
1200
913
649
1436
1053
961
997
682
976
1128
983
1009
668
546
775
856
1180
798
1154
1461
569
1483
1078
786
617
1494
561
1481
1031
1482
1489
1481
716
844
1308
1317
1248
595
1359
1128
1081
591
981
877
1308
1458
1156
912
961
1396
512
1238
551
850
1469
1237
1210
1126
1391
637
1020
1496
921
1003
589
929
1179
1044
548
694
688
1003
1433
629
1369
733
773
514
1384
721
970
1455
757
582
1014
728
1248
814
1191
997
704
1347
917
1274
714
736
1486
720
1275
1379
674
1416
1153
636
752
972
862
903
564
1298
1039
1318
1307
1160
1311
1352
1122
502
1076
546
1420
942
795
701
864
1382
1491
1492
1298
885
996
1062
1041
1106
1272
1276
973
1103
596
1431
554
750
869
557
1351
1262
1092
964
1199
758
978
678
707
667
1421
1385
869
956
950
578
710
1305
1139
1057
640
917
983
885
1134
1340
1320
595
881
553
1419
871
1228
992
1428
606
686
526
1263
876
1461
1156
662
1453
1139
667
560
682
1200
1130
1320
1334
969
640
912
1259
1067
923
625
534
919
1167
645
810
520
1030
1336
833
1046
1070
1260
1459
943
1471
621
997
1410
1201
1443
1085
1253
553
881
1263
1121
520
1011
1110
867
609
1464
1265
1097
1006
867
1408
809
761
957
535
545
1053
612
540
983
634
765
1131
1075
835
704
1383
915
700
986
1264
631
1259
1135
1279
1152
1319
1358
729
969
1390
1392
1132
1343
965
1493
914
1372
1356
571
1145
1227
898
961
915
1478
1012
831
1171
1210
812
632
779
1323
979
1369
1328
741
645
1209
1291
1343
1153
1146
1186
547
1126
1006
1212
804
758
1403
741
1110
1357
1348
691
756
1494
737
713
613
632
1066
1254
854
1266
790
1472
819
969
1494
1431
825
809
868
606
1214
1062
567
538
1238
1392
819
843
1126
1434
1106
950
1126
660
1069
1391
1315
771
1466
1241
1339
784
612
625
1161
940
619
1106
540
796
841
659
1310
972
813
1267
542
1314
796
742
1427
893
1378
544
564
1008
791
616
1397
873
1180
1288
1190
612
1061
1453
1141
1471
1130
733
658
839
516
1003
1173
1473
1211
1369
1007
1223
1081
935
609
1139
1405
563
1426
1252
1047
588
1084
1086
1469
599
511
1334
513
740
1196
1078
752
1342
884
601
1337
540
625
743
843
756
774
1434
562
558
529
1022
1006
1092
564
963
1101
575
1085
1040
623
1488
1414
795
959
1399
695
910
1181
633
646
549
1036
791
1068
881
539
780
978
958
563
1407
640
1275
568
1260
1390
1235
655
753
1194
744
1368
1246
1161
626
1326
929
889
1484
1125
1310
577
1214
668
1050
1331
1493
838
1004
928
872
1001
1265
1179
726
793
562
958
1232
516
641
916
1090
1389
1045
1232
1451
1229
533
1173
795
1095
873
781
1448
1050
515
549
722
1487
1165
1340
967
1373
565
523
736
1208
752
717
1414
1333
539
934
960
586
1467
921
1049
581
1279
1370
510
500
1407
964
881
1329
834
779
1114
922
1023
638
1205
1112
1252
826
1179
1233
594
897
672
1171
1231
691
1052
542
612
960
894
876
1339
1386
1284
882
907
1468
1002
1017
934
524
1376
1187
1077
1491
632
1070
1424
1157
1496
1282
1396
1396
1431
609
727
1322
656
698
1166
1251
1437
1000
662
760
901
555
1228
620
765
1001
1353
654
757
1272
826
1408
1400
795
996
1077
1451
601
1484
643
1264
1283
663
779
760
1353
1339
1027
1265
640
1360
885
1402
510
1463
732
1410
627
884
603
1122
514
587
646
1076
1272
1486
1356
1258
616
1004
1419
874
628
894
638
1422
1466
1162
776
584
671
1379
560
996
856
873
955
524
957
563
1373
843
1235
1043
1361
635
958
582
1434
881
861
1073
1222
1294
1083
731
1217
919
746
696
662
1175
889
643
743
783
920
717
864
720
1455
938
1086
1355
820
800
850
1495
817
1241
628
1285
1215
637
1312
528
1129
1352
633
1271
1486
878
1234
730
552
865
848
1439
1275
923
909
1183
1205
942
658
926
625
857
1015
1238
1244
1402
1291
1361
627
1421
700
1288
1116
751
893
747
909
1205
1371
924
1447
791
1396
666
1318
759
1018
529
1302
925
561
1142
1304
1280
858
944
799
914
1024
1375
937
739
1408
583
1451
984
1054
1499
895
1479
1004
923
690
618
654
1118
1261
513
840
1338
942
511
1410
836
1142
673
1181
540
625
1080
509
1277
1423
1375
910
1465
825
1265
1113
512
1369
1075
707
1083
646
1047
1426
864
774
1428
816
806
1422
811
722
1281
669
840
913
1232
791
1440
890
513
1259
946
1016
907
1051
1358
920
1009
820
1456
700
1468
1139
795
740
1036
1069
1024
889
1145
1317
705
1140
1198
897
973
1046
767
1185
688
1298
980
1174
1113
522
1437
783
1128
1014
663
1258
1242
1284
1240
1145
1287
1219
612
547
1099
750
1308
876
1406
1276
593
992
975
1323
553
950
887
1325
538
723
663
1164
1358
748
1285
763
1220
1124
930
1000
1493
893
1368
1004
769
1003
1143
1049
879
1438
1210
1143
1260
846
1043
1254
1435
1129
1290
1401
866
578
533
1387
787
894
591
1397
1430
959
1431
683
826
700
827
1147
650
1427
948
1022
1037
1175
985
879
1075
563
706
1250
901
1247
1146
1014
728
1373
734
680
1491
1003
874
1061
1112
565
1358
649
1179
1422
1007
1081
549
1049
657
711
694
1434
1231
748
933
822
1360
722
1013
608
681
746
531
795
1397
887
1024
1327
992
1117
776
767
711
797
855
802
1418
1068
723
648
1024
751
1268
892
1368
1463
644
1248
1127
1378
943
1480
943
1458
516
614
733
1096
874
1242
1135
781
931
745
700
891
1020
1007
572
1453
833
729
802
881
1132
1494
865
1038
1297
1348
754
1140
1011
918
890
709
584
1263
1050
940
1323
1367
1148
1219
898
617
657
697
1329
1495
1263
834
854
744
904
770
605
514
1436
1309
1231
670
833
1197
664
569
639
1028
1490
1042
1363
917
610
1317
707
924
704
1336
1377
1257
1010
1087
1484
1319
751
1110
1057
1314
1375
1120
721
1355
995
1354
518
970
1062
1386
1052
891
1267
771
588
923
1363
822
691
1468
732
1093
1206
1374
1469
1441
1160
721
894
1367
718
836
1124
619
1384
734
1445
999
975
686
1185
602
621
1378
1165
1119
1429
1168
518
1159
517
1026
924
1195
1494
1416
569
1274
1228
620
1454
1154
968
921
1279
1130
759
1461
965
1134
594
829
1322
1418
1127
580
1445
755
1102
575
765
636
1094
1398
893
1277
1176
842
544
733
769
1246
508
1481
1392
708
905
1356
1469
1186
727
1230
792
895
1161
816
586
777
1232
572
556
1044
588
788
1334
637
657
1311
1409
1033
1376
770
810
1191
751
521
1231
1330
1210
523
575
1088
1227
943
1000
819
1317
651
1479
1003
581
1248
796
1110
844
1403
504
1287
744
1235
883
581
873
1361
1446
1188
1431
934
1344
991
802
562
657
581
603
665
1469
719
1299
762
576
696
1448
808
678
809
1040
1227
767
939
739
1394
1175
1196
902
740
1042
1416
587
628
829
571
1184
1493
1383
988
812
606
1201
760
505
908
511
1193
1364
1227
605
526
893
703
1320
825
1415
551
614
946
972
1234
1044
1409
993
1175
883
1371
1459
1115
1491
1093
695
1474
695
1012
1152
1356
546
645
966
1078
825
667
778
1266
760
1441
912
631
1401
990
633
975
798
1295
517
764
1006
635
1190
569
1332
542
566
571
989
932
1376
719
1108
553
716
1067
1125
1066
1084
827
533
1210
594
1065
1373
946
1279
841
793
686
799
863
1193
1402
504
959
647
1408
950
840
1404
1207
1448
984
1012
694
1333
593
802
653
599
1010
984
1073
607
598
1154
790
827
718
569
1315
1476
735
822
1204
989
1005
1074
1045
881
787
1356
863
993
554
1249
1245
834
1369
867
1187
767
509
962
997
608
1002
1317
654
1054
1483
544
761
1025
1303
1005
527
1243
869
1168
544
670
1318
1275
778
1461
701
845
1339
1231
1357
960
1300
1357
564
1355
536
1144
637
1446
1201
1231
983
1374
664
1235
550
713
829
970
1240
1116
899
1112
1457
869
1257
923
1372
1284
862
635
783
1175
1472
871
1164
1325
1463
592
1108
520
762
1338
1033
745
503
616
523
1245
919
690
758
950
1458
662
1204
1454
704
916
618
644
1420
695
1123
795
1286
1478
1306
1177
1417
886
1463
1356
688
1363
779
573
1492
1204
875
737
726
786
717
594
907
1075
826
1108
669
1494
969
871
1326
786
1241
1169
810
1045
1013
607
1478
1128
778
1145
578
1222
1274
950
562
1136
1151
1241
1452
1387
744
1218
1173
1270
731
703
1155
748
892
1385
1083
894
989
1389
1307
1061
786
1151
1240
958
1034
1194
523
561
1039
1374
1032
901
680
1091
832
691
905
1439
1011
843
556
1123
789
1024
1413
1409
681
1260
1005
1175
1347
670
1438
1309
1295
792
1130
1467
552
1328
1055
1406
751
576
1378
741
923
1117
756
1360
920
837
1407
919
1016
748
839
731
1025
1354
1156
1311
923
1209
984
503
758
1206
1268
1456
566
1422
1359
609
624
1179
764
520
938
760
675
897
863
728
1163
1211
808
509
1332
1031
548
517
1305
787
1086
871
1286
1046
758
1328
719
1219
516
1457
599
993
1332
560
1475
720
1131
1049
973
937
776
534
680
828
1389
952
770
955
943
743
1059
1016
1434
661
617
1402
858
1345
1298
590
745
1309
859
876
878
737
715
1089
1227
671
857
1076
1356
970
1072
873
1312
1011
582
1493
770
1317
805
1020
646
1163
1324
1402
1307
1217
605
1467
1115
1268
1499
1079
1177
642
1127
1091
791
1129
1049
1219
781
1168
505
1257
1165
853
1462
500
930
569
1187
606
1347
642
551
532
1290
1253
515
644
1004
520
1081
1079
1452
1240
1050
665
941
638
936
933
627
1002
1123
1348
618
816
840
889
1181
1483
1441
1088
1179
754
973
507
605
871
911
1069
578
1392
1074
813
510
1084
697
1087
712
1214
576
1306
1214
1248
773
1314
538
1446
911
918
847
1234
890
505
841
836
524
1047
1408
921
974
727
617
525
759
605
1438
1069
755
974
1264
1051
684
1009
1295
1219
1155
779
771
849
1486
1048
899
1491
1381
913
1264
971
1050
1026
814
1061
771
1087
1449
908
996
809
1219
589
1401
990
934
1321
962
1101
685
1121
858
872
687
1393
1316
1449
1298
1018
943
1318
1405
668
883
547
1102
782
1114
600
815
847
1034
544
1275
1277
1083
1408
581
705
892
1140
1051
1047
696
1147
916
1299
944
674
1389
1338
1089
1303
524
1175
501
1134
723
795
760
772
1045
1309
768
1008
548
788
1465
1244
949
1306
1365
524
1239
1352
1333
735
1133
836
689
915
1067
619
1085
803
1454
868
1465
1146
952
1135
818
880
1253
1256
851
546
552
774
794
1452
683
716
924
990
843
612
523
1426
781
1019
1485
1062
907
613
1018
1130
1483
1415
548
658
648
1355
1416
1233
638
1466
1389
715
692
1301
544
1347
741
1067
757
1407
611
823
851
697
1122
1253
509
858
1088
1410
1487
1475
1262
1155
848
1377
1374
1114
1421
1107
898
824
1391
913
1064
1194
1332
700
547
703
900
830
845
644
1314
1266
1166
992
826
1066
584
1219
596
1289
1047
826
527
1116
1316
616
816
619
896
988
1223
1159
690
985
578
1058
937
872
513
524
577
1025
1311
680
1089
1116
1155
1220
658
898
1054
1173
1380
1268
1402
565
987
1281
1264
664
1282
1032
748
1313
1334
596
1142
1489
1239
547
1361
1271
1017
1007
1351
1352
582
1155
869
1256
1109
1454
1228
1171
1340
1168
1083
658
629
1375
892
1064
1152
1194
510
949
1319
1378
828
1487
559
1431
1306
1495
702
1268
984
1336
580
860
1220
516
1346
727
1156
1180
1098
667
1176
699
1356
979
1426
612
658
1444
1207
683
505
748
836
1261
771
761
1400
717
1470
539
1102
795
643
532
1077
857
794
1102
826
770
1496
549
616
1340
1036
1052
673
1084
1134
1206
570
500
704
1207
557
696
709
1215
1369
1319
1339
1363
627
1088
682
1002
1442
1155
1278
741
1256
956
734
1148
1469
917
555
897
1498
801
974
883
626
505
1270
1258
1354
1004
966
785
1292
1060
1149
1129
1480
1260
1099
962
1146
987
637
816
1238
733
1189
974
1409
656
1385
958
1379
1157
1324
600
1156
1338
637
633
1282
1259
1167
741
524
1080
622
1380
1268
1040
1224
672
736
726
1369
688
1212
1488
597
1091
1308
633
1189
1348
1494
750
1376
1168
1361
1370
924
978
1063
501
1170
1258
1164
553
1260
844
1000
591
520
1461
1463
1132
701
508
1350
1005
994
1012
721
1488
1030
959
825
1080
705
981
1263
1125
1101
754
1407
887
1477
1371
982
856
748
1479
975
1493
747
775
1081
1077
1103
988
932
753
735
1221
1271
679
1214
746
577
705
861
900
755
868
729
1369
928
1174
785
1403
862
650
815
1364
1101
1410
1058
1436
664
1187
831
1445
683
1304
852
1489
1485
663
1011
1406
879
1446
1451
1344
1058
1138
554
738
1356
1423
700
812
1155
613
898
1433
644
802
1480
781
933
1202
1349
1000
819
837
1035
1499
1279
1442
1469
532
1012
1406
1448
751
1464
1273
1384
1396
1386
1227
644
1224
714
767
699
968
635
1094
506
1191
520
710
888
1460
793
657
1351
1229
763
1131
961
761
779
1006
671
888
1227
1109
1244
630
1032
837
954
1120
632
611
731
1479
768
806
553
1187
1414
511
992
978
725
1205
1285
777
1062
1093
734
1308
1138
1355
920
1175
704
960
742
1229
1322
1313
1104
1376
1212
1273
574
697
1153
559
1058
1370
636
1363
760
556
1120
1335
1054
1326
1163
1072
873
834
1403
724
766
1470
654
575
1442
1003
1466
688
667
886
1090
1170
1280
1170
730
669
1192
687
758
1146
922
1142
1337
1264
828
1335
622
1147
959
1416
719
1280
992
740
1111
926
1265
624
1472
1305
582
1243
992
862
1017
1300
1328
859
930
695
564
1288
1354
534
905
1359
623
1338
1346
1162
1246
618
1373
763
1156
1009
1271
1300
813
999
1214
1140
504
1488
1187
1005
894
1256
710
1045
917
639
1336
1169
684
516
1079
716
1441
1240
1081
854
1063
1407
567
705
1395
1473
980
1467
1428
550
1129
1341
1370
1154
835
828
580
746
1111
751
1391
1145
750
500
1382
682
505
1419
1187
638
628
1046
938
596
1331
1245
1187
1160
1342
1102
936
930
1033
718
694
1198
1105
626
1427
788
1299
1211
1413
507
1437
585
970
784
1468
1074
750
567
613
1432
1299
722
1172
1055
659
1469
687
981
811
1390
757
1101
1266
1371
1386
813
1181
647
1453
1370
939
1350
516
1345
694
823
1168
572
718
1044
649
501
1026
1425
929
679
1444
796
549
1307
1279
1473
850
713
948
856
678
687
1005
1203
1082
507
543
823
1022
1256
634
811
1397
1097
878
1397
1434
666
615
911
1078
1400
820
588
1448
1163
1363
934
917
1363
602
812
712
1277
660
728
773
1369
1195
768
890
582
936
1323
609
697
729
894
1202
614
907
1196
1231
768
1169
1118
700
823
1239
1107
1380
565
974
717
1156
1034
802
1012
1458
860
1254
1287
555
566
1133
962
666
863
811
881
621
1086
591
1438
1057
635
938
1373
781
793
573
1122
608
1068
514
920
593
1486
881
653
540
835
1356
1103
972
1365
879
1464
1219
912
1399
533
553
710
1307
727
729
1396
916
900
1089
1422
889
1057
596
870
730
559
651
1225
735
1327
1207
895
1249
743
1403
1385
909
1422
1422
537
691
635
1381
698
1002
1484
1384
1389
565
1363
1417
1187
836
860
1072
1185
779
1190
1149
898
1003
701
1186
1459
1202
1436
718
574
1084
1009
1252
769
771
1265
1099
1185
1484
1025
995
534
894
1029
1052
785
806
913
1351
1161
577
574
693
1281
651
945
1348
797
598
1239
758
1087
1045
975
1374
949
660
689
652
1221
622
1066
1206
520
1271
588
574
795
1152
764
600
1487
1221
508
1149
1189
1169
1346
600
579
1490
582
1173
890
1255
868
772
1075
1255
530
504
747
1132
1059
1013
1196
897
795
1379
644
733
638
1356
921
516
729
1384
506
578
1120
1140
1237
691
629
1192
870
645
767
1144
1053
871
730
631
805
1210
621
1035
1055
663
953
719
513
771
1164
798
597
755
687
983
1361
731
1441
862
1134
1415
1056
949
1287
895
826
642
620
705
1278
628
1144
770
1401
1289
1371
1358
853
1174
1062
889
1318
1058
1462
543
793
1442
906
1389
795
579
949
1340
986
1188
1062
780
1293
1415
1445
703
1028
631
1062
854
1376
1205
801
881
1320
686
1375
1319
821
1002
1272
1299
991
737
1486
1066
743
920
829
899
1376
613
1379
844
1335
1496
832
1497
582
546
1383
735
1283
615
621
826
923
747
715
1128
1228
887
870
844
507
799
1234
1262
1347
716
985
961
524
1434
1321
936
930
759
1084
1265
806
570
1318
1345
647
1377
1157
672
792
1368
1334
873
1116
1054
1373
848
503
1411
847
1143
1179
1017
675
702
1229
1069
1478
528
1254
743
1061
993
832
1340
698
603
692
1164
981
541
1276
1377
571
1375
684
922
523
1401
1327
1274
513
1330
929
665
941
1485
824
1283
861
1244
1124
940
870
686
989
1421
1128
892
1298
1225
763
877
1311
772
1385
1231
744
1066
857
852
1024
543
1273
1284
970
699
802
1024
1073
1297
1048
1173
754
1493
1225
1421
1301
692
1369
1137
1271
899
1133
597
552
1214
1301
1363
1454
1347
572
1246
847
610
992
751
581
562
1473
1106
1463
903
1253
639
642
1169
1010
1194
1261
1485
1097
1335
1218
1297
1452
770
584
921
873
560
614
1134
586
939
748
1242
1126
1073
1048
1410
1247
1400
924
1413
669
925
1402
1409
777
866
794
916
537
1251
1139
537
1267
919
1370
689
1050
948
566
944
564
971
1489
1420
1178
1033
653
901
902
531
650
777
754
1152
1351
885
883
947
1338
759
1037
1316
1242
1471
1487
733
1022
612
874
640
921
712
1485
1492
682
1284
560
968
1072
1235
1465
677
1220
792
1286
758
709
987
518
1049
896
1350
761
800
541
1498
503
911
902
528
1187
1462
1338
1358
1455
1122
687
625
950
1380
1016
1049
1475
1482
978
544
1397
1389
1477
1092
630
1331
542
861
1312
1274
1485
1104
1440
594
1274
526
1454
531
625
883
569
1400
637
892
685
539
1009
1438
993
923
575
627
1049
1329
999
1195
1361
704
688
1191
885
1492
1105
531
786
668
1436
1128
1399
1304
1322
949
1420
573
1383
1293
758
1389
602
1193
1452
1102
1400
802
913
1480
1340
604
586
776
748
1405
1297
1405
850
1425
1455
1288
984
1237
730
1178
626
1121
1356
914
1003
785
595
1231
1409
1463
1096
1210
1329
1113
655
753
634
914
601
1299
1137
1176
1084
989
903
1387
1171
520
1013
1032
1385
845
1224
982
710
1218
920
1445
1332
1268
1134
690
1435
784
1032
1440
921
1432
1150
1292
728
696
1098
1294
911
1287
549
1283
777
1364
731
1028
1418
893
1356
1113
957
612
1046
725
1175
627
1233
702
1210
674
755
1046
1016
891
1212
896
765
1094
682
1420
528
1266
1494
817
1039
595
642
1149
1061
1276
1024
1441
1496
673
1389
655
919
591
643
633
1480
1433
1089
1358
664
955
1360
824
1456
807
1462
989
1129
1192
884
581
911
895
579
817
602
1124
608
1332
830
834
1007
626
814
890
1057
737
1216
545
1003
1107
753
980
962
1003
1129
942
1240
1420
1337
540
1485
1379
528
1011
1149
1045
726
635
1245
619
1072
1154
533
819
926
946
1147
1174
1468
1494
1262
947
946
1037
1071
504
1313
984
976
1297
1014
1373
1152
1277
1361
1054
1282
525
547
1206
1287
1192
1339
1165
703
1027
903
1170
1042
1365
667
1477
1394
1094
961
652
737
558
706
800
944
967
674
1137
1032
1071
918
1094
679
1222
871
867
1259
1369
1439
924
976
746
839
923
839
1292
1179
976
1298
572
1336
816
562
1466
604
598
1357
1238
867
1049
827
1052
533
1416
648
1313
646
1478
556
1372
1473
1478
1165
1094
567
1208
1087
873
1054
1015
507
533
835
1201
1495
1049
1439
790
779
1165
1152
1197
989
871
1354
556
906
655
950
562
1248
635
1379
692
1199
1172
1057
1152
1130
1183
506
517
1061
1375
1076
1022
802
1050
544
991
1227
1239
1254
688
665
623
1484
1250
932
1323
1251
653
669
1349
1012
695
833
1443
879
1287
1000
944
1172
1043
1179
1453
956
516
1221
1422
1024
896
1067
648
703
1357
1075
904
1368
1021
1483
724
898
934
1202
599
1256
1178
903
534
563
879
512
890
592
632
1193
508
1159
941
753
1287
587
739
766
851
876
1050
1157
1274
697
1274
983
1264
1339
974
849
512
1185
1482
939
656
1251
1072
638
1248
577
1395
1390
973
1306
1375
702
1402
565
636
642
739
661
1121
1148
782
539
1129
854
906
577
642
918
766
1279
718
1186
1096
939
756
506
1264
796
521
718
909
841
787
693
1087
1286
875
652
1057
842
573
1230
1166
991
1277
1117
1461
1249
1142
1320
845
679
1416
1215
684
971
505
1434
1161
1361
670
934
775
1444
757
978
1438
632
656
1159
1083
657
1404
725
716
796
863
1344
501
1085
1109
1239
879
813
807
634
741
743
1139
738
735
672
1498
1024
1087
715
854
1096
1483
1334
722
1475
1334
1043
654
510
1138
1334
820
1353
1017
806
792
1318
974
696
1060
1257
1178
726
736
520
1376
1115
1217
1219
1283
565
850
1206
1207
671
1139
1270
677
871
1157
842
1056
875
740
802
1462
771
1018
1276
896
521
1462
779
539
558
1324
656
1223
688
779
698
1302
1226
1380
599
1206
1385
509
745
792
715
666
969
1378
1464
811
576
1475
780
743
1130
1378
590
1494
847
685
563
1123
752
1211
859
908
1239
1327
1128
1302
1443
600
1296
975
738
591
684
763
1332
1039
966
1288
767
764
1332
1444
1068
858
1311
1131
1377
1129
1052
1345
1418
513
1291
1055
1077
1105
800
1322
1030
1000
641
1203
1362
1390
696
1411
876
705
654
1046
1180
500
890
732
649
957
1157
736
932
1022
701
572
1014
1441
1444
855
708
1314
954
1313
1298
1447
596
1125
580
577
1061
569
1471
1366
1277
522
1192
801
1266
1112
501
610
1224
1426
770
1299
1066
1103
1032
578
1086
725
1216
1036
650
1439
1444
998
1093
1024
1110
605
650
577
812
734
593
1213
1053
957
1428
825
1475
750
1225
950
980
1452
1059
683
1429
1147
1378
545
690
602
1291
542
600
972
1402
1427
1360
1409
1148
531
600
548
605
1039
712
748
871
852
674
1334
544
989
506
1445
1034
1418
1100
840
534
1391
559
1267
1107
1097
1380
1177
999
1054
545
504
585
656
1489
553
848
723
698
1495
591
939
783
1000
740
793
1345
1136
571
1169
1187
925
1480
593
687
932
1161
810
939
1057
1348
985
1397
684
1406
661
540
645
885
1350
912
983
746
1048
898
1299
1157
627
1392
1279
1366
1421
600
983
951
1105
899
1373
1448
1160
885
855
1155
1195
620
1254
951
652
1166
877
1094
921
651
1380
526
603
1082
1252
1344
520
602
505
1096
870
788
1005
871
1237
579
1166
1262
1231
907
703
870
1347
891
587
1487
812
1320
585
1238
1242
505
1460
822
769
1458
537
1447
1275
701
1151
1233
1164
1152
1249
535
1002
1234
1090
969
974
1202
990
774
721
650
1029
1115
1389
1209
519
907
1017
1372
1068
784
1196
1066
727
1329
509
517
1167
787
1159
747
1060
586
1418
632
1244
1312
1453
766
996
655
1427
1303
596
547
1060
1014
758
1063
1200
687
996
1314
1200
1091
1065
928
832
650
1475
781
840
658
1275
506
1058
915
1063
650
871
1139
811
1253
515
1336
719
1179
960
860
1052
1267
606
1495
1381
648
1458
1369
750
1237
1393
1105
764
1455
599
1261
945
1082
536
914
1440
806
557
1394
577
697
825
1198
1136
652
912
586
519
601
1097
575
1107
1343
748
1351
1053
1128
1265
1407
948
733
1085
996
1076
1244
580
1372
520
1246
737
1366
1127
1249
1105
1233
645
846
1223
943
702
979
772
1119
1146
1116
1096
606
1357
1037
1386
1183
814
1337
1206
1242
751
1295
558
1495
972
547
699
748
870
1215
653
1422
1415
1022
694
694
873
1293
1012
536
661
935
604
779
612
608
774
1393
1121
551
568
648
1348
1417
852
514
1402
1489
915
896
870
1248
639
753
928
842
766
745
948
654
1348
1084
935
1330
596
714
789
840
948
1150
833
1440
986
1009
925
1024
963
868
1440
1134
1139
718
572
639
571
825
891
694
622
1224
945
646
694
1069
759
538
1214
1303
815
1222
727
1247
1291
616
1163
698
1258
805
551
1176
892
665
509
991
716
629
747
533
556
1382
782
678
1348
714
1458
691
637
1291
1308
936
835
627
596
1012
969
613
692
744
626
1015
982
1247
1153
690
662
1133
1067
1231
1232
1097
1088
1431
660
1269
532
1411
1353
1149
1173
607
1365
961
1060
1426
1146
669
1478
564
1085
1470
1383
727
1033
741
732
860
957
885
996
1461
915
897
1281
517
1388
849
793
877
568
541
1392
1313
1466
500
834
520
630
938
1415
708
755
1341
691
878
755
1160
914
1078
930
1061
1356
512
1215
1148
950
595
588
843
927
1001
888
1188
1241
1489
1405
1124
731
921
1431
1023
862
1209
514
1279
719
666
853
585
815
565
